1111

’ 11111111, 11, 1. 111. mun 11111 11111111, fia. 1. 111.
11....1· 1
1.]111ὁ11111ἷ11111ιι 11111111111111111111 11111111 01111011, 1111·
111, , . .

1111111111111011811111,1, 1. 111. Verus 111111 vim·
111, ima. 11111111 01111 1111111111,11111 omnmo 11-
lus 81111111111111 1111111111111111111111111111, ’1. 1. 111.
0111111111 metaplasmum, im. solis, 1111. 1311111111,
ihm. 1111111111 natus 11111111 1111111 virginium, 11111. 11
, ipso 111 111 persona 11 11111111, 1111 duabus 11111111, 8,
1. 1110111111, 111111111111111111111111111 1111111111 per·
1111111111, 9, 1. 111111111111111111 011, non 1111111-
11111. 111 adoptivus, 11 1. 111. 1111 11111111 et 1111111111
11111111 11111111111111. 1111. ln 111-1111111111 1111111111, 11,
1111. 1111111111 1111111 111111111111111 111 1111111111
1111111111’1’111111111, 1111. 111. 1111111111 quaro mediator,
11, 1. 111. 111111111111111, 1111111111111111, 111, 1. 111.
111111111111111111111111111011111111, non fqrwnnm, 15,
1. 111. 11111111 1111111111111111111111111 11111111
1011111111 111111’1’.11111111101111011
ι ι ¹ ς *0 ο ι
1111111111,11111.0111111111111111111, 10, 1. 111.Ι Dequ-
11.11111111111011.1111111111
111111. 0111111111 111 sardana, 11111.’1“1111111111111,11111.
11111111,111111. 1111111100. 111111111111111η111. 11-
01111111 1111111111, 111111. a 1111. 11111111, 11, 1 11. cru·
cbpawunum, 111111. 111111111111111111111,1111.11 111 ac
1·11111,1“1111. 1111111111111111111, 11 Parum 1101111111,
11111. 1111111111, 11111. 9111111111, 11111. 111 evangelica,
11111. 1111111111 11111111,1’111.

Chrlsmm 1111111111 1111111111 11111 omnium 1111111111,
19,1.111. 111111111111111111, 111, 1. 111. Christum
111111 reddat 11111111, 11 pauperem, 111 e: 111.,1. 111.
11111111 11111111, uui 111111111111111111111111,11 111111
1111 111 ..111
th 111, 11111111 81111011, 111,1.’111.111111111 11111,
810, 1111. 11111111 1111111111111011111 111111, 1, 1 111.
111111111111111101111111111111111 10111. ΙΙΙ. Christi·
1111111111110191111111
1 1 9 ο ι
1111ρι111111111111, 111,1.’111.111 oum 111111 1111111111
11111111111111111111111111·111“· ¹¹¹·
(Ι Ξ,111111111111111111 sanguisuga 11111111 anim· egerim,

1 . , ,

mmmm 111 1111111111 metum 11111111, 101 11
, (1111111111 111111111111111111111 comparamur, 1811,
1. 111. 111111111111111111111111111111111111, 1111, 1. 111.
13111111 111 1101111111 1111111111 11111111 11111111, 11 1111111
111111111111111111, 110, 1. 111. 1111111 pugnacis, 1111111111
11111111111111111111,191,1. 111. 1111111 111 habent 111·

1111111111 rerum quas 1111111111, 1111, 1. 111. 1111111111
,11111111 111111111111111111111,511,1 111. 11111111 11·
11111111111111111111

1111111ιο11111111111111111011, 111, 1. 111.

11111 eum homme 11111111 11111111111111 11 111., 1. 111.

11111111111111 111111111111111111111111, 111, ι. 111. 111-
11111111111111111111111111111111111111119, t. 111.
δι11,1151131111111ἰ1111111111111 lampii 1 3111111111111111 111-

11 (ιιι ο

1111111111 111111111111111111111,1195,1. 111,

11111111111111111111111111111111111111111 111 spiritum
11111111 probus. 598 ee 111., 1. 111.
ι111111111111111111 1111111111111111 ot 1111111111 11111,

‚‚ , ,

, 111111111111111111111,111,1.111.

ι Ι11111111111111111 1111111111111111 111 11111111111101,
⁴ 111 110111111111111111011, 11111111 111111·
111111. 111111111111111111 1111111111, 1111, 1. 111.

0111111111 boran 11111111, 11111111111111111, 510,
1. 111. 111111111111111111111111111111111, 59111. 111.

11111111111111111111111111111, mm 11111111 11111 11111,
nemausum, 1111, 1. 111.

01111 nguine 1111111111 111111111111,111,1. 111.

(11111111011111111101111111111111, 1111,1, 111. 111
1111111111 111 111 {medimna 1111111ιὶ111, 11111 1111
101111111111111ῗὲ11ἑ 180. 1 ΙΙΙ. 11311111111111111 super 111111

111111 , ,

1111111111 1111111·,11111111111111111111111111111111, 181, 1 111.011111111111111111111111111 111, 1111, 1

111101 111111111111111111.

1111

quorumdum 111 1111111111113111111111, 119, 1. 111.
011111111111 111111 111, 111, 1. 111.
camanum 11111111 111111 1111111 tund-mento, m
ι’0011111111111111,1111111111111. 1111.

0111111111111111111111111111, 11, 1 111. hosden 111-
pentum 1111111111 ema 111111. 1111111111, 55. 1. 111.
ςυξῧιᾶἓυῖιῖιῗίῧιςῶ1111ἒ1ῧ Ι1111111111 aliquando emm, ι

1111111111 11111111 quw prestandum, 111, 1. 111

111111111111111111111 giem, 111, 1 111.

01111111111111111111111οι111111111111,11.1. 1. 111.

111111111111111111111 01111, 1911. 111.

Conversio. Cur conversionis 111111 0111 mustum 111
μ10001110181110110111111111 0111111111111111111 11,
ἰδξῖἶινιᾶἰὶιὲῖιεωάὴ 11 cogitationum 1110111111 11111, 111,

01111111 111111 1111111 11 11111, 111. 1. 1110111111 11111·
1111111111111111111111111111111111 11111111 ptum· 111·
111111111111 1311111111 111, 101, 1 111. ⁵
11111111111111111111
011111. 1111 1111111111 1111111101111111 1111111111 111 1111-
1111 1111111111111111111, ’1.11, 1. 111.

011111111111111111111111,111111 11111, 1118, t 111. 11
correptione 11111111111111111111,111. t. 111
yfftuffitgrl ι1111111 1111111 1111111111111, 1311111

11111111111111111.

0111111111111 111111111111111111111111111811, 1. 111.

111111111111111111 1111111 1111111, 11. 1. 11111 1111
Ιῶ111ὗ111ἑῑᾶ1111111111111111, 11, L 11. wodanum

13ξιί1311ἷῘ111111111111’1111111111111111111111111111. VJ„

11111111 (1111111 1111111111 1111311 11111111, 111, 1. 111.

01111111 1111111111 (111 1111111111. 1111, 1. 111. unm
111111 11111111111111111111, 1111.

0111111111 1111111111 111111111111111, 111,1. 111.

0111111111 impositum 1111111111 1111111111, m. ι. 111.

0111111111 1111111111,139 11 neq.. 1 111. θ
..11111111111111111111
1. 111. numen 1111111 1111111111 111111111111,1111.
11. 0111111111 1111111111111111111111111111111. 111.
..11111111111111111111111
1111. 111. 0111111111111111111111111111 1111111111
‘ffi'q'fflh'fim mmmm 1111111111, com ς.
0110111101111,11111,111.ι..111 uon, 1111.

011111 11111011111111, 111, 1. 111. 11. 01111111 ὼ,

2111 .,1. 11.

namur (1111111 1111111111, 111111 1111111, ramnum.
110111111111111111,1113, 1 111, 11 0111111.. V. 8.,1111
101, 1. 111. 011111 1111111111 1111111111 1111111111 1111111,
11111,1. 111. 111 011111 regnum 11111111 11111111 111 den·
gnatum, 1111,1. 111. David 1111111111, 101 1. 111. 011111
111 111111111111111, 111311111111111 Η.. 191,1.11’.
1111111 111111 111111, coum. V. 1.,101 111111, ι. 11.

01111111181111111111 1111111111 1111111 111111, 2³5. 101.

mmmmm 1111111111 1111111111, 1811, 1. 111.

01111111111111111111 1111111111111111, 1111 111.

1111111111 1111 napum 111111111111 11 allegem, 1111 11
111.,1111. .

&relinquentibus ,11111111 1111111 poci· νικῶ
111111, 0111111, V. 1., 109.1.1 .

1111111111 cujusdam 11111111111111 111111, 1191, 1. 111.

Desperatio 11111 1111111111, 111, 1. 11.
Deus 1111 11111111 aalma 1111111111101111, 1,1. 11.
0111 11011111 1111111111111111 (3111111111 111111 1111111Μ1,
111, 1. 111. 011 111111111111111111111111111, 101, 1. 111. Dd
11111111 1111111111111 11111111111111111111111111111111.
011, 1. 111.01111111111111,1111111,11·1 11111 nupi-
1111111, 1111, t 111. Deua 1111111111 11111111 mann 111·
nem 11 murnum 11111111, 1119, ι. 11. Quomodo 1111 μ-
1111111110 1111111111 111 111 1111111, 119, 1. 1111111111
11111111 11111111, 6111 11 111., 1. 111. 01111 neuwen

1111111, G 111111. V. 1.,1111111, 1 1111111111111 1111

Ι ι 1.111.1111111111111111111111111111111,111 et 11111111111111 11111 11111111, 0111111. l. 2¹. nm„ 11.
19111111111111,181,1.111.11111111111111111111.11111- 0111111111111111111111111111111111 1111111111 101

111. 11

ἱιῖ511011111111111111 gradus 111111 111111 usurpati, 1111111111111111111111111111111111111111111,1111,
, 1 111. 11111111 10111111111111111, 111, 1. 111. Error 1. 111. 111113111111111111111101111111111111111,11 ιι·

 

